>> Query prompt:
? Factor(width:1, size:2, partition:1)
0 
0 : 0.01000
1 : 0.99000

? Factor(width:4, size:16, partition:8.00000)
0 2 3 4 
0 0 0 0 : 0.01000
0 0 0 1 : 0.01000
0 0 1 0 : 0.01000
0 0 1 1 : 0.01000
0 1 0 0 : 0.01000
0 1 0 1 : 0.01000
0 1 1 0 : 0.01000
0 1 1 1 : 0.01000
1 0 0 0 : 0.99000
1 0 0 1 : 0.99000
1 0 1 0 : 0.99000
1 0 1 1 : 0.99000
1 1 0 0 : 0.99000
1 1 0 1 : 0.99000
1 1 1 0 : 0.99000
1 1 1 1 : 0.99000

? Factor(width:2, size:4, partition:2.00000)
0 1 
0 0 : 0.99000
0 1 : 0.01000
1 0 : 0.95000
1 1 : 0.05000

? Factor(width:5, size:32, partition:16.00000)
0 1 2 3 4 
0 0 0 0 0 : 0.99000
0 0 0 0 1 : 0.99000
0 0 0 1 0 : 0.99000
0 0 0 1 1 : 0.99000
0 0 1 0 0 : 0.99000
0 0 1 0 1 : 0.99000
0 0 1 1 0 : 0.99000
0 0 1 1 1 : 0.99000
0 1 0 0 0 : 0.01000
0 1 0 0 1 : 0.01000
0 1 0 1 0 : 0.01000
0 1 0 1 1 : 0.01000
0 1 1 0 0 : 0.01000
0 1 1 0 1 : 0.01000
0 1 1 1 0 : 0.01000
0 1 1 1 1 : 0.01000
1 0 0 0 0 : 0.95000
1 0 0 0 1 : 0.95000
1 0 0 1 0 : 0.95000
1 0 0 1 1 : 0.95000
1 0 1 0 0 : 0.95000
1 0 1 0 1 : 0.95000
1 0 1 1 0 : 0.95000
1 0 1 1 1 : 0.95000
1 1 0 0 0 : 0.05000
1 1 0 0 1 : 0.05000
1 1 0 1 0 : 0.05000
1 1 0 1 1 : 0.05000
1 1 1 0 0 : 0.05000
1 1 1 0 1 : 0.05000
1 1 1 1 0 : 0.05000
1 1 1 1 1 : 0.05000

? Factor(width:1, size:2, partition:1.00000)
2 
0 : 0.50000
1 : 0.50000

? Factor(width:3, size:8, partition:4.00000)
0 1 2 
0 0 0 : 0.50000
0 0 1 : 0.50000
0 1 0 : 0.50000
0 1 1 : 0.50000
1 0 0 : 0.50000
1 0 1 : 0.50000
1 1 0 : 0.50000
1 1 1 : 0.50000

? Factor(width:2, size:4, partition:2.00000)
2 3 
0 0 : 0.99000
0 1 : 0.01000
1 0 : 0.90000
1 1 : 0.10000

? Factor(width:5, size:32, partition:16.00000)
0 1 2 3 4 
0 0 0 0 0 : 0.99000
0 0 0 0 1 : 0.99000
0 0 0 1 0 : 0.01000
0 0 0 1 1 : 0.01000
0 0 1 0 0 : 0.90000
0 0 1 0 1 : 0.90000
0 0 1 1 0 : 0.10000
0 0 1 1 1 : 0.10000
0 1 0 0 0 : 0.99000
0 1 0 0 1 : 0.99000
0 1 0 1 0 : 0.01000
0 1 0 1 1 : 0.01000
0 1 1 0 0 : 0.90000
0 1 1 0 1 : 0.90000
0 1 1 1 0 : 0.10000
0 1 1 1 1 : 0.10000
1 0 0 0 0 : 0.99000
1 0 0 0 1 : 0.99000
1 0 0 1 0 : 0.01000
1 0 0 1 1 : 0.01000
1 0 1 0 0 : 0.90000
1 0 1 0 1 : 0.90000
1 0 1 1 0 : 0.10000
1 0 1 1 1 : 0.10000
1 1 0 0 0 : 0.99000
1 1 0 0 1 : 0.99000
1 1 0 1 0 : 0.01000
1 1 0 1 1 : 0.01000
1 1 1 0 0 : 0.90000
1 1 1 0 1 : 0.90000
1 1 1 1 0 : 0.10000
1 1 1 1 1 : 0.10000

? Factor(width:2, size:4, partition:2.00000)
2 4 
0 0 : 0.70000
0 1 : 0.30000
1 0 : 0.40000
1 1 : 0.60000

? Factor(width:7, size:128, partition:4.00000)
0 1 2 3 4 5 6 
0 0 0 0 0 0 0 : 0.65177
0 0 0 0 0 0 1 : 0.03430
0 0 0 0 0 1 0 : 0.00000
0 0 0 0 0 1 1 : 0.00000
0 0 0 0 1 0 0 : 0.27933
0 0 0 0 1 0 1 : 0.01470
0 0 0 0 1 1 0 : 0.00000
0 0 0 0 1 1 1 : 0.00000
0 0 0 1 0 0 0 : 0.00000
0 0 0 1 0 0 1 : 0.00000
0 0 0 1 0 1 0 : 0.00014
0 0 0 1 0 1 1 : 0.00679
0 0 0 1 1 0 0 : 0.00000
0 0 0 1 1 0 1 : 0.00000
0 0 0 1 1 1 0 : 0.00006
0 0 0 1 1 1 1 : 0.00291
0 0 1 0 0 0 0 : 0.33858
0 0 1 0 0 0 1 : 0.01782
0 0 1 0 0 1 0 : 0.00000
0 0 1 0 0 1 1 : 0.00000
0 0 1 0 1 0 0 : 0.50787
0 0 1 0 1 0 1 : 0.02673
0 0 1 0 1 1 0 : 0.00000
0 0 1 0 1 1 1 : 0.00000
0 0 1 1 0 0 0 : 0.00000
0 0 1 1 0 0 1 : 0.00000
0 0 1 1 0 1 0 : 0.00079
0 0 1 1 0 1 1 : 0.03881
0 0 1 1 1 0 0 : 0.00000
0 0 1 1 1 0 1 : 0.00000
0 0 1 1 1 1 0 : 0.00119
0 0 1 1 1 1 1 : 0.05821
0 1 0 0 0 0 0 : 0.00000
0 1 0 0 0 0 1 : 0.00000
0 1 0 0 0 1 0 : 0.00014
0 1 0 0 0 1 1 : 0.00679
0 1 0 0 1 0 0 : 0.00000
0 1 0 0 1 0 1 : 0.00000
0 1 0 0 1 1 0 : 0.00006
0 1 0 0 1 1 1 : 0.00291
0 1 0 1 0 0 0 : 0.00000
0 1 0 1 0 0 1 : 0.00000
0 1 0 1 0 1 0 : 0.00000
0 1 0 1 0 1 1 : 0.00007
0 1 0 1 1 0 0 : 0.00000
0 1 0 1 1 0 1 : 0.00000
0 1 0 1 1 1 0 : 0.00000
0 1 0 1 1 1 1 : 0.00003
0 1 1 0 0 0 0 : 0.00000
0 1 1 0 0 0 1 : 0.00000
0 1 1 0 0 1 0 : 0.00007
0 1 1 0 0 1 1 : 0.00353
0 1 1 0 1 0 0 : 0.00000
0 1 1 0 1 0 1 : 0.00000
0 1 1 0 1 1 0 : 0.00011
0 1 1 0 1 1 1 : 0.00529
0 1 1 1 0 0 0 : 0.00000
0 1 1 1 0 0 1 : 0.00000
0 1 1 1 0 1 0 : 0.00001
0 1 1 1 0 1 1 : 0.00039
0 1 1 1 1 0 0 : 0.00000
0 1 1 1 1 0 1 : 0.00000
0 1 1 1 1 1 0 : 0.00001
0 1 1 1 1 1 1 : 0.00059
1 0 0 0 0 0 0 : 0.62543
1 0 0 0 0 0 1 : 0.03292
1 0 0 0 0 1 0 : 0.00000
1 0 0 0 0 1 1 : 0.00000
1 0 0 0 1 0 0 : 0.26804
1 0 0 0 1 0 1 : 0.01411
1 0 0 0 1 1 0 : 0.00000
1 0 0 0 1 1 1 : 0.00000
1 0 0 1 0 0 0 : 0.00000
1 0 0 1 0 0 1 : 0.00000
1 0 0 1 0 1 0 : 0.00013
1 0 0 1 0 1 1 : 0.00652
1 0 0 1 1 0 0 : 0.00000
1 0 0 1 1 0 1 : 0.00000
1 0 0 1 1 1 0 : 0.00006
1 0 0 1 1 1 1 : 0.00279
1 0 1 0 0 0 0 : 0.32490
1 0 1 0 0 0 1 : 0.01710
1 0 1 0 0 1 0 : 0.00000
1 0 1 0 0 1 1 : 0.00000
1 0 1 0 1 0 0 : 0.48735
1 0 1 0 1 0 1 : 0.02565
1 0 1 0 1 1 0 : 0.00000
1 0 1 0 1 1 1 : 0.00000
1 0 1 1 0 0 0 : 0.00000
1 0 1 1 0 0 1 : 0.00000
1 0 1 1 0 1 0 : 0.00076
1 0 1 1 0 1 1 : 0.03724
1 0 1 1 1 0 0 : 0.00000
1 0 1 1 1 0 1 : 0.00000
1 0 1 1 1 1 0 : 0.00114
1 0 1 1 1 1 1 : 0.05586
1 1 0 0 0 0 0 : 0.00000
1 1 0 0 0 0 1 : 0.00000
1 1 0 0 0 1 0 : 0.00069
1 1 0 0 0 1 1 : 0.03396
1 1 0 0 1 0 0 : 0.00000
1 1 0 0 1 0 1 : 0.00000
1 1 0 0 1 1 0 : 0.00030
1 1 0 0 1 1 1 : 0.01455
1 1 0 1 0 0 0 : 0.00000
1 1 0 1 0 0 1 : 0.00000
1 1 0 1 0 1 0 : 0.00001
1 1 0 1 0 1 1 : 0.00034
1 1 0 1 1 0 0 : 0.00000
1 1 0 1 1 0 1 : 0.00000
1 1 0 1 1 1 0 : 0.00000
1 1 0 1 1 1 1 : 0.00015
1 1 1 0 0 0 0 : 0.00000
1 1 1 0 0 0 1 : 0.00000
1 1 1 0 0 1 0 : 0.00036
1 1 1 0 0 1 1 : 0.01764
1 1 1 0 1 0 0 : 0.00000
1 1 1 0 1 0 1 : 0.00000
1 1 1 0 1 1 0 : 0.00054
1 1 1 0 1 1 1 : 0.02646
1 1 1 1 0 0 0 : 0.00000
1 1 1 1 0 0 1 : 0.00000
1 1 1 1 0 1 0 : 0.00004
1 1 1 1 0 1 1 : 0.00196
1 1 1 1 1 0 0 : 0.00000
1 1 1 1 1 0 1 : 0.00000
1 1 1 1 1 1 0 : 0.00006
1 1 1 1 1 1 1 : 0.00294

? Factor(width:3, size:8, partition:4.00000)
1 3 5 
0 0 0 : 1.00000
0 0 1 : 0.00000
0 1 0 : 0.00000
0 1 1 : 1.00000
1 0 0 : 0.00000
1 0 1 : 1.00000
1 1 0 : 0.00000
1 1 1 : 1.00000

? Factor(width:6, size:64, partition:32.00000)
0 1 2 3 4 5 
0 0 0 0 0 0 : 1.00000
0 0 0 0 0 1 : 0.00000
0 0 0 0 1 0 : 1.00000
0 0 0 0 1 1 : 0.00000
0 0 0 1 0 0 : 0.00000
0 0 0 1 0 1 : 1.00000
0 0 0 1 1 0 : 0.00000
0 0 0 1 1 1 : 1.00000
0 0 1 0 0 0 : 1.00000
0 0 1 0 0 1 : 0.00000
0 0 1 0 1 0 : 1.00000
0 0 1 0 1 1 : 0.00000
0 0 1 1 0 0 : 0.00000
0 0 1 1 0 1 : 1.00000
0 0 1 1 1 0 : 0.00000
0 0 1 1 1 1 : 1.00000
0 1 0 0 0 0 : 0.00000
0 1 0 0 0 1 : 1.00000
0 1 0 0 1 0 : 0.00000
0 1 0 0 1 1 : 1.00000
0 1 0 1 0 0 : 0.00000
0 1 0 1 0 1 : 1.00000
0 1 0 1 1 0 : 0.00000
0 1 0 1 1 1 : 1.00000
0 1 1 0 0 0 : 0.00000
0 1 1 0 0 1 : 1.00000
0 1 1 0 1 0 : 0.00000
0 1 1 0 1 1 : 1.00000
0 1 1 1 0 0 : 0.00000
0 1 1 1 0 1 : 1.00000
0 1 1 1 1 0 : 0.00000
0 1 1 1 1 1 : 1.00000
1 0 0 0 0 0 : 1.00000
1 0 0 0 0 1 : 0.00000
1 0 0 0 1 0 : 1.00000
1 0 0 0 1 1 : 0.00000
1 0 0 1 0 0 : 0.00000
1 0 0 1 0 1 : 1.00000
1 0 0 1 1 0 : 0.00000
1 0 0 1 1 1 : 1.00000
1 0 1 0 0 0 : 1.00000
1 0 1 0 0 1 : 0.00000
1 0 1 0 1 0 : 1.00000
1 0 1 0 1 1 : 0.00000
1 0 1 1 0 0 : 0.00000
1 0 1 1 0 1 : 1.00000
1 0 1 1 1 0 : 0.00000
1 0 1 1 1 1 : 1.00000
1 1 0 0 0 0 : 0.00000
1 1 0 0 0 1 : 1.00000
1 1 0 0 1 0 : 0.00000
1 1 0 0 1 1 : 1.00000
1 1 0 1 0 0 : 0.00000
1 1 0 1 0 1 : 1.00000
1 1 0 1 1 0 : 0.00000
1 1 0 1 1 1 : 1.00000
1 1 1 0 0 0 : 0.00000
1 1 1 0 0 1 : 1.00000
1 1 1 0 1 0 : 0.00000
1 1 1 0 1 1 : 1.00000
1 1 1 1 0 0 : 0.00000
1 1 1 1 0 1 : 1.00000
1 1 1 1 1 0 : 0.00000
1 1 1 1 1 1 : 1.00000

? Factor(width:2, size:4, partition:2.00000)
5 6 
0 0 : 0.95000
0 1 : 0.05000
1 0 : 0.02000
1 1 : 0.98000

? Factor(width:8, size:256, partition:2.00000)
0 1 2 3 4 5 6 7 
0 0 0 0 0 0 0 0 : 0.00327
0 0 0 0 0 0 0 1 : 0.00036
0 0 0 0 0 0 1 0 : 0.00017
0 0 0 0 0 0 1 1 : 0.00002
0 0 0 0 0 1 0 0 : 0.00000
0 0 0 0 0 1 0 1 : 0.00000
0 0 0 0 0 1 1 0 : 0.00000
0 0 0 0 0 1 1 1 : 0.00000
0 0 0 0 1 0 0 0 : 0.00031
0 0 0 0 1 0 0 1 : 0.00124
0 0 0 0 1 0 1 0 : 0.00002
0 0 0 0 1 0 1 1 : 0.00007
0 0 0 0 1 1 0 0 : 0.00000
0 0 0 0 1 1 0 1 : 0.00000
0 0 0 0 1 1 1 0 : 0.00000
0 0 0 0 1 1 1 1 : 0.00000
0 0 0 1 0 0 0 0 : 0.00000
0 0 0 1 0 0 0 1 : 0.00000
0 0 0 1 0 0 1 0 : 0.00000
0 0 0 1 0 0 1 1 : 0.00000
0 0 0 1 0 1 0 0 : 0.00000
0 0 0 1 0 1 0 1 : 0.00000
0 0 0 1 0 1 1 0 : 0.00010
0 0 0 1 0 1 1 1 : 0.00023
0 0 0 1 1 0 0 0 : 0.00000
0 0 0 1 1 0 0 1 : 0.00000
0 0 0 1 1 0 1 0 : 0.00000
0 0 0 1 1 0 1 1 : 0.00000
0 0 0 1 1 1 0 0 : 0.00000
0 0 0 1 1 1 0 1 : 0.00000
0 0 0 1 1 1 1 0 : 0.00001
0 0 0 1 1 1 1 1 : 0.00013
0 0 1 0 0 0 0 0 : 0.00170
0 0 1 0 0 0 0 1 : 0.00019
0 0 1 0 0 0 1 0 : 0.00009
0 0 1 0 0 0 1 1 : 0.00001
0 0 1 0 0 1 0 0 : 0.00000
0 0 1 0 0 1 0 1 : 0.00000
0 0 1 0 0 1 1 0 : 0.00000
0 0 1 0 0 1 1 1 : 0.00000
0 0 1 0 1 0 0 0 : 0.00057
0 0 1 0 1 0 0 1 : 0.00226
0 0 1 0 1 0 1 0 : 0.00003
0 0 1 0 1 0 1 1 : 0.00012
0 0 1 0 1 1 0 0 : 0.00000
0 0 1 0 1 1 0 1 : 0.00000
0 0 1 0 1 1 1 0 : 0.00000
0 0 1 0 1 1 1 1 : 0.00000
0 0 1 1 0 0 0 0 : 0.00000
0 0 1 1 0 0 0 1 : 0.00000
0 0 1 1 0 0 1 0 : 0.00000
0 0 1 1 0 0 1 1 : 0.00000
0 0 1 1 0 1 0 0 : 0.00001
0 0 1 1 0 1 0 1 : 0.00003
0 0 1 1 0 1 1 0 : 0.00057
0 0 1 1 0 1 1 1 : 0.00133
0 0 1 1 1 0 0 0 : 0.00000
0 0 1 1 1 0 0 1 : 0.00000
0 0 1 1 1 0 1 0 : 0.00000
0 0 1 1 1 0 1 1 : 0.00000
0 0 1 1 1 1 0 0 : 0.00001
0 0 1 1 1 1 0 1 : 0.00005
0 0 1 1 1 1 1 0 : 0.00029
0 0 1 1 1 1 1 1 : 0.00257
0 1 0 0 0 0 0 0 : 0.00000
0 1 0 0 0 0 0 1 : 0.00000
0 1 0 0 0 0 1 0 : 0.00000
0 1 0 0 0 0 1 1 : 0.00000
0 1 0 0 0 1 0 0 : 0.00000
0 1 0 0 0 1 0 1 : 0.00000
0 1 0 0 0 1 1 0 : 0.00010
0 1 0 0 0 1 1 1 : 0.00023
0 1 0 0 1 0 0 0 : 0.00000
0 1 0 0 1 0 0 1 : 0.00000
0 1 0 0 1 0 1 0 : 0.00000
0 1 0 0 1 0 1 1 : 0.00000
0 1 0 0 1 1 0 0 : 0.00000
0 1 0 0 1 1 0 1 : 0.00000
0 1 0 0 1 1 1 0 : 0.00001
0 1 0 0 1 1 1 1 : 0.00013
0 1 0 1 0 0 0 0 : 0.00000
0 1 0 1 0 0 0 1 : 0.00000
0 1 0 1 0 0 1 0 : 0.00000
0 1 0 1 0 0 1 1 : 0.00000
0 1 0 1 0 1 0 0 : 0.00000
0 1 0 1 0 1 0 1 : 0.00000
0 1 0 1 0 1 1 0 : 0.00000
0 1 0 1 0 1 1 1 : 0.00000
0 1 0 1 1 0 0 0 : 0.00000
0 1 0 1 1 0 0 1 : 0.00000
0 1 0 1 1 0 1 0 : 0.00000
0 1 0 1 1 0 1 1 : 0.00000
0 1 0 1 1 1 0 0 : 0.00000
0 1 0 1 1 1 0 1 : 0.00000
0 1 0 1 1 1 1 0 : 0.00000
0 1 0 1 1 1 1 1 : 0.00000
0 1 1 0 0 0 0 0 : 0.00000
0 1 1 0 0 0 0 1 : 0.00000
0 1 1 0 0 0 1 0 : 0.00000
0 1 1 0 0 0 1 1 : 0.00000
0 1 1 0 0 1 0 0 : 0.00000
0 1 1 0 0 1 0 1 : 0.00000
0 1 1 0 0 1 1 0 : 0.00005
0 1 1 0 0 1 1 1 : 0.00012
0 1 1 0 1 0 0 0 : 0.00000
0 1 1 0 1 0 0 1 : 0.00000
0 1 1 0 1 0 1 0 : 0.00000
0 1 1 0 1 0 1 1 : 0.00000
0 1 1 0 1 1 0 0 : 0.00000
0 1 1 0 1 1 0 1 : 0.00000
0 1 1 0 1 1 1 0 : 0.00003
0 1 1 0 1 1 1 1 : 0.00023
0 1 1 1 0 0 0 0 : 0.00000
0 1 1 1 0 0 0 1 : 0.00000
0 1 1 1 0 0 1 0 : 0.00000
0 1 1 1 0 0 1 1 : 0.00000
0 1 1 1 0 1 0 0 : 0.00000
0 1 1 1 0 1 0 1 : 0.00000
0 1 1 1 0 1 1 0 : 0.00001
0 1 1 1 0 1 1 1 : 0.00001
0 1 1 1 1 0 0 0 : 0.00000
0 1 1 1 1 0 0 1 : 0.00000
0 1 1 1 1 0 1 0 : 0.00000
0 1 1 1 1 0 1 1 : 0.00000
0 1 1 1 1 1 0 0 : 0.00000
0 1 1 1 1 1 0 1 : 0.00000
0 1 1 1 1 1 1 0 : 0.00000
0 1 1 1 1 1 1 1 : 0.00003
1 0 0 0 0 0 0 0 : 0.31023
1 0 0 0 0 0 0 1 : 0.03447
1 0 0 0 0 0 1 0 : 0.01633
1 0 0 0 0 0 1 1 : 0.00181
1 0 0 0 0 1 0 0 : 0.00000
1 0 0 0 0 1 0 1 : 0.00000
1 0 0 0 0 1 1 0 : 0.00000
1 0 0 0 0 1 1 1 : 0.00000
1 0 0 0 1 0 0 0 : 0.02955
1 0 0 0 1 0 0 1 : 0.11818
1 0 0 0 1 0 1 0 : 0.00156
1 0 0 0 1 0 1 1 : 0.00622
1 0 0 0 1 1 0 0 : 0.00000
1 0 0 0 1 1 0 1 : 0.00000
1 0 0 0 1 1 1 0 : 0.00000
1 0 0 0 1 1 1 1 : 0.00000
1 0 0 1 0 0 0 0 : 0.00000
1 0 0 1 0 0 0 1 : 0.00000
1 0 0 1 0 0 1 0 : 0.00000
1 0 0 1 0 0 1 1 : 0.00000
1 0 0 1 0 1 0 0 : 0.00019
1 0 0 1 0 1 0 1 : 0.00045
1 0 0 1 0 1 1 0 : 0.00950
1 0 0 1 0 1 1 1 : 0.02217
1 0 0 1 1 0 0 0 : 0.00000
1 0 0 1 1 0 0 1 : 0.00000
1 0 0 1 1 0 1 0 : 0.00000
1 0 0 1 1 0 1 1 : 0.00000
1 0 0 1 1 1 0 0 : 0.00003
1 0 0 1 1 1 0 1 : 0.00025
1 0 0 1 1 1 1 0 : 0.00136
1 0 0 1 1 1 1 1 : 0.01221
1 0 1 0 0 0 0 0 : 0.16116
1 0 1 0 0 0 0 1 : 0.01791
1 0 1 0 0 0 1 0 : 0.00848
1 0 1 0 0 0 1 1 : 0.00094
1 0 1 0 0 1 0 0 : 0.00000
1 0 1 0 0 1 0 1 : 0.00000
1 0 1 0 0 1 1 0 : 0.00000
1 0 1 0 0 1 1 1 : 0.00000
1 0 1 0 1 0 0 0 : 0.05372
1 0 1 0 1 0 0 1 : 0.21488
1 0 1 0 1 0 1 0 : 0.00283
1 0 1 0 1 0 1 1 : 0.01131
1 0 1 0 1 1 0 0 : 0.00000
1 0 1 0 1 1 0 1 : 0.00000
1 0 1 0 1 1 1 0 : 0.00000
1 0 1 0 1 1 1 1 : 0.00000
1 0 1 1 0 0 0 0 : 0.00000
1 0 1 1 0 0 0 1 : 0.00000
1 0 1 1 0 0 1 0 : 0.00000
1 0 1 1 0 0 1 1 : 0.00000
1 0 1 1 0 1 0 0 : 0.00111
1 0 1 1 0 1 0 1 : 0.00259
1 0 1 1 0 1 1 0 : 0.05429
1 0 1 1 0 1 1 1 : 0.12667
1 0 1 1 1 0 0 0 : 0.00000
1 0 1 1 1 0 0 1 : 0.00000
1 0 1 1 1 0 1 0 : 0.00000
1 0 1 1 1 0 1 1 : 0.00000
1 0 1 1 1 1 0 0 : 0.00055
1 0 1 1 1 1 0 1 : 0.00499
1 0 1 1 1 1 1 0 : 0.02714
1 0 1 1 1 1 1 1 : 0.24428
1 1 0 0 0 0 0 0 : 0.00000
1 1 0 0 0 0 0 1 : 0.00000
1 1 0 0 0 0 1 0 : 0.00000
1 1 0 0 0 0 1 1 : 0.00000
1 1 0 0 0 1 0 0 : 0.00101
1 1 0 0 0 1 0 1 : 0.00236
1 1 0 0 0 1 1 0 : 0.04950
1 1 0 0 0 1 1 1 : 0.11550
1 1 0 0 1 0 0 0 : 0.00000
1 1 0 0 1 0 0 1 : 0.00000
1 1 0 0 1 0 1 0 : 0.00000
1 1 0 0 1 0 1 1 : 0.00000
1 1 0 0 1 1 0 0 : 0.00014
1 1 0 0 1 1 0 1 : 0.00130
1 1 0 0 1 1 1 0 : 0.00707
1 1 0 0 1 1 1 1 : 0.06364
1 1 0 1 0 0 0 0 : 0.00000
1 1 0 1 0 0 0 1 : 0.00000
1 1 0 1 0 0 1 0 : 0.00000
1 1 0 1 0 0 1 1 : 0.00000
1 1 0 1 0 1 0 0 : 0.00001
1 1 0 1 0 1 0 1 : 0.00002
1 1 0 1 0 1 1 0 : 0.00050
1 1 0 1 0 1 1 1 : 0.00117
1 1 0 1 1 0 0 0 : 0.00000
1 1 0 1 1 0 0 1 : 0.00000
1 1 0 1 1 0 1 0 : 0.00000
1 1 0 1 1 0 1 1 : 0.00000
1 1 0 1 1 1 0 0 : 0.00000
1 1 0 1 1 1 0 1 : 0.00001
1 1 0 1 1 1 1 0 : 0.00007
1 1 0 1 1 1 1 1 : 0.00064
1 1 1 0 0 0 0 0 : 0.00000
1 1 1 0 0 0 0 1 : 0.00000
1 1 1 0 0 0 1 0 : 0.00000
1 1 1 0 0 0 1 1 : 0.00000
1 1 1 0 0 1 0 0 : 0.00052
1 1 1 0 0 1 0 1 : 0.00122
1 1 1 0 0 1 1 0 : 0.02571
1 1 1 0 0 1 1 1 : 0.06000
1 1 1 0 1 0 0 0 : 0.00000
1 1 1 0 1 0 0 1 : 0.00000
1 1 1 0 1 0 1 0 : 0.00000
1 1 1 0 1 0 1 1 : 0.00000
1 1 1 0 1 1 0 0 : 0.00026
1 1 1 0 1 1 0 1 : 0.00236
1 1 1 0 1 1 1 0 : 0.01286
1 1 1 0 1 1 1 1 : 0.11571
1 1 1 1 0 0 0 0 : 0.00000
1 1 1 1 0 0 0 1 : 0.00000
1 1 1 1 0 0 1 0 : 0.00000
1 1 1 1 0 0 1 1 : 0.00000
1 1 1 1 0 1 0 0 : 0.00006
1 1 1 1 0 1 0 1 : 0.00014
1 1 1 1 0 1 1 0 : 0.00286
1 1 1 1 0 1 1 1 : 0.00667
1 1 1 1 1 0 0 0 : 0.00000
1 1 1 1 1 0 0 1 : 0.00000
1 1 1 1 1 0 1 0 : 0.00000
1 1 1 1 1 0 1 1 : 0.00000
1 1 1 1 1 1 0 0 : 0.00003
1 1 1 1 1 1 0 1 : 0.00026
1 1 1 1 1 1 1 0 : 0.00143
1 1 1 1 1 1 1 1 : 0.01286

? Factor(width:3, size:8, partition:4.00000)
4 5 7 
0 0 0 : 0.90000
0 0 1 : 0.10000
0 1 0 : 0.30000
0 1 1 : 0.70000
1 0 0 : 0.20000
1 0 1 : 0.80000
1 1 0 : 0.10000
1 1 1 : 0.90000

? Factor(width:8, size:256, partition:4.00000)
0 1 2 3 4 5 6 7 
0 0 0 0 0 0 0 0 : 0.00586
0 0 0 0 0 0 0 1 : 0.00065
0 0 0 0 0 0 1 0 : 0.00031
0 0 0 0 0 0 1 1 : 0.00003
0 0 0 0 0 1 0 0 : 0.00000
0 0 0 0 0 1 0 1 : 0.00000
0 0 0 0 0 1 1 0 : 0.00000
0 0 0 0 0 1 1 1 : 0.00000
0 0 0 0 1 0 0 0 : 0.00070
0 0 0 0 1 0 0 1 : 0.00281
0 0 0 0 1 0 1 0 : 0.00004
0 0 0 0 1 0 1 1 : 0.00015
0 0 0 0 1 1 0 0 : 0.00000
0 0 0 0 1 1 0 1 : 0.00000
0 0 0 0 1 1 1 0 : 0.00000
0 0 0 0 1 1 1 1 : 0.00000
0 0 0 1 0 0 0 0 : 0.00000
0 0 0 1 0 0 0 1 : 0.00000
0 0 0 1 0 0 1 0 : 0.00000
0 0 0 1 0 0 1 1 : 0.00000
0 0 0 1 0 1 0 0 : 0.00000
0 0 0 1 0 1 0 1 : 0.00001
0 0 0 1 0 1 1 0 : 0.00021
0 0 0 1 0 1 1 1 : 0.00048
0 0 0 1 1 0 0 0 : 0.00000
0 0 0 1 1 0 0 1 : 0.00000
0 0 0 1 1 0 1 0 : 0.00000
0 0 0 1 1 0 1 1 : 0.00000
0 0 0 1 1 1 0 0 : 0.00000
0 0 0 1 1 1 0 1 : 0.00001
0 0 0 1 1 1 1 0 : 0.00003
0 0 0 1 1 1 1 1 : 0.00025
0 0 1 0 0 0 0 0 : 0.00304
0 0 1 0 0 0 0 1 : 0.00034
0 0 1 0 0 0 1 0 : 0.00016
0 0 1 0 0 0 1 1 : 0.00002
0 0 1 0 0 1 0 0 : 0.00000
0 0 1 0 0 1 0 1 : 0.00000
0 0 1 0 0 1 1 0 : 0.00000
0 0 1 0 0 1 1 1 : 0.00000
0 0 1 0 1 0 0 0 : 0.00128
0 0 1 0 1 0 0 1 : 0.00511
0 0 1 0 1 0 1 0 : 0.00007
0 0 1 0 1 0 1 1 : 0.00027
0 0 1 0 1 1 0 0 : 0.00000
0 0 1 0 1 1 0 1 : 0.00000
0 0 1 0 1 1 1 0 : 0.00000
0 0 1 0 1 1 1 1 : 0.00000
0 0 1 1 0 0 0 0 : 0.00000
0 0 1 1 0 0 0 1 : 0.00000
0 0 1 1 0 0 1 0 : 0.00000
0 0 1 1 0 0 1 1 : 0.00000
0 0 1 1 0 1 0 0 : 0.00002
0 0 1 1 0 1 0 1 : 0.00006
0 0 1 1 0 1 1 0 : 0.00117
0 0 1 1 0 1 1 1 : 0.00274
0 0 1 1 1 0 0 0 : 0.00000
0 0 1 1 1 0 0 1 : 0.00000
0 0 1 1 1 0 1 0 : 0.00000
0 0 1 1 1 0 1 1 : 0.00000
0 0 1 1 1 1 0 0 : 0.00001
0 0 1 1 1 1 0 1 : 0.00010
0 0 1 1 1 1 1 0 : 0.00056
0 0 1 1 1 1 1 1 : 0.00501
0 1 0 0 0 0 0 0 : 0.00000
0 1 0 0 0 0 0 1 : 0.00000
0 1 0 0 0 0 1 0 : 0.00000
0 1 0 0 0 0 1 1 : 0.00000
0 1 0 0 0 1 0 0 : 0.00000
0 1 0 0 0 1 0 1 : 0.00001
0 1 0 0 0 1 1 0 : 0.00021
0 1 0 0 0 1 1 1 : 0.00048
0 1 0 0 1 0 0 0 : 0.00000
0 1 0 0 1 0 0 1 : 0.00000
0 1 0 0 1 0 1 0 : 0.00000
0 1 0 0 1 0 1 1 : 0.00000
0 1 0 0 1 1 0 0 : 0.00000
0 1 0 0 1 1 0 1 : 0.00001
0 1 0 0 1 1 1 0 : 0.00003
0 1 0 0 1 1 1 1 : 0.00025
0 1 0 1 0 0 0 0 : 0.00000
0 1 0 1 0 0 0 1 : 0.00000
0 1 0 1 0 0 1 0 : 0.00000
0 1 0 1 0 0 1 1 : 0.00000
0 1 0 1 0 1 0 0 : 0.00000
0 1 0 1 0 1 0 1 : 0.00000
0 1 0 1 0 1 1 0 : 0.00000
0 1 0 1 0 1 1 1 : 0.00000
0 1 0 1 1 0 0 0 : 0.00000
0 1 0 1 1 0 0 1 : 0.00000
0 1 0 1 1 0 1 0 : 0.00000
0 1 0 1 1 0 1 1 : 0.00000
0 1 0 1 1 1 0 0 : 0.00000
0 1 0 1 1 1 0 1 : 0.00000
0 1 0 1 1 1 1 0 : 0.00000
0 1 0 1 1 1 1 1 : 0.00000
0 1 1 0 0 0 0 0 : 0.00000
0 1 1 0 0 0 0 1 : 0.00000
0 1 1 0 0 0 1 0 : 0.00000
0 1 1 0 0 0 1 1 : 0.00000
0 1 1 0 0 1 0 0 : 0.00000
0 1 1 0 0 1 0 1 : 0.00001
0 1 1 0 0 1 1 0 : 0.00011
0 1 1 0 0 1 1 1 : 0.00025
0 1 1 0 1 0 0 0 : 0.00000
0 1 1 0 1 0 0 1 : 0.00000
0 1 1 0 1 0 1 0 : 0.00000
0 1 1 0 1 0 1 1 : 0.00000
0 1 1 0 1 1 0 0 : 0.00000
0 1 1 0 1 1 0 1 : 0.00001
0 1 1 0 1 1 1 0 : 0.00005
0 1 1 0 1 1 1 1 : 0.00046
0 1 1 1 0 0 0 0 : 0.00000
0 1 1 1 0 0 0 1 : 0.00000
0 1 1 1 0 0 1 0 : 0.00000
0 1 1 1 0 0 1 1 : 0.00000
0 1 1 1 0 1 0 0 : 0.00000
0 1 1 1 0 1 0 1 : 0.00000
0 1 1 1 0 1 1 0 : 0.00001
0 1 1 1 0 1 1 1 : 0.00003
0 1 1 1 1 0 0 0 : 0.00000
0 1 1 1 1 0 0 1 : 0.00000
0 1 1 1 1 0 1 0 : 0.00000
0 1 1 1 1 0 1 1 : 0.00000
0 1 1 1 1 1 0 0 : 0.00000
0 1 1 1 1 1 0 1 : 0.00000
0 1 1 1 1 1 1 0 : 0.00001
0 1 1 1 1 1 1 1 : 0.00005
1 0 0 0 0 0 0 0 : 0.55683
1 0 0 0 0 0 0 1 : 0.06187
1 0 0 0 0 0 1 0 : 0.02931
1 0 0 0 0 0 1 1 : 0.00326
1 0 0 0 0 1 0 0 : 0.00000
1 0 0 0 0 1 0 1 : 0.00000
1 0 0 0 0 1 1 0 : 0.00000
1 0 0 0 0 1 1 1 : 0.00000
1 0 0 0 1 0 0 0 : 0.06672
1 0 0 0 1 0 0 1 : 0.26687
1 0 0 0 1 0 1 0 : 0.00351
1 0 0 0 1 0 1 1 : 0.01405
1 0 0 0 1 1 0 0 : 0.00000
1 0 0 0 1 1 0 1 : 0.00000
1 0 0 0 1 1 1 0 : 0.00000
1 0 0 0 1 1 1 1 : 0.00000
1 0 0 1 0 0 0 0 : 0.00000
1 0 0 1 0 0 0 1 : 0.00000
1 0 0 1 0 0 1 0 : 0.00000
1 0 0 1 0 0 1 1 : 0.00000
1 0 0 1 0 1 0 0 : 0.00040
1 0 0 1 0 1 0 1 : 0.00093
1 0 0 1 0 1 1 0 : 0.01951
1 0 0 1 0 1 1 1 : 0.04551
1 0 0 1 1 0 0 0 : 0.00000
1 0 0 1 1 0 0 1 : 0.00000
1 0 0 1 1 0 1 0 : 0.00000
1 0 0 1 1 0 1 1 : 0.00000
1 0 0 1 1 1 0 0 : 0.00005
1 0 0 1 1 1 0 1 : 0.00049
1 0 0 1 1 1 1 0 : 0.00265
1 0 0 1 1 1 1 1 : 0.02381
1 0 1 0 0 0 0 0 : 0.28926
1 0 1 0 0 0 0 1 : 0.03214
1 0 1 0 0 0 1 0 : 0.01522
1 0 1 0 0 0 1 1 : 0.00169
1 0 1 0 0 1 0 0 : 0.00000
1 0 1 0 0 1 0 1 : 0.00000
1 0 1 0 0 1 1 0 : 0.00000
1 0 1 0 0 1 1 1 : 0.00000
1 0 1 0 1 0 0 0 : 0.12130
1 0 1 0 1 0 0 1 : 0.48522
1 0 1 0 1 0 1 0 : 0.00638
1 0 1 0 1 0 1 1 : 0.02554
1 0 1 0 1 1 0 0 : 0.00000
1 0 1 0 1 1 0 1 : 0.00000
1 0 1 0 1 1 1 0 : 0.00000
1 0 1 0 1 1 1 1 : 0.00000
1 0 1 1 0 0 0 0 : 0.00000
1 0 1 1 0 0 0 1 : 0.00000
1 0 1 1 0 0 1 0 : 0.00000
1 0 1 1 0 0 1 1 : 0.00000
1 0 1 1 0 1 0 0 : 0.00227
1 0 1 1 0 1 0 1 : 0.00531
1 0 1 1 0 1 1 0 : 0.11146
1 0 1 1 0 1 1 1 : 0.26008
1 0 1 1 1 0 0 0 : 0.00000
1 0 1 1 1 0 0 1 : 0.00000
1 0 1 1 1 0 1 0 : 0.00000
1 0 1 1 1 0 1 1 : 0.00000
1 0 1 1 1 1 0 0 : 0.00108
1 0 1 1 1 1 0 1 : 0.00972
1 0 1 1 1 1 1 0 : 0.05291
1 0 1 1 1 1 1 1 : 0.47621
1 1 0 0 0 0 0 0 : 0.00000
1 1 0 0 0 0 0 1 : 0.00000
1 1 0 0 0 0 1 0 : 0.00000
1 1 0 0 0 0 1 1 : 0.00000
1 1 0 0 0 1 0 0 : 0.00207
1 1 0 0 0 1 0 1 : 0.00484
1 1 0 0 0 1 1 0 : 0.10164
1 1 0 0 0 1 1 1 : 0.23715
1 1 0 0 1 0 0 0 : 0.00000
1 1 0 0 1 0 0 1 : 0.00000
1 1 0 0 1 0 1 0 : 0.00000
1 1 0 0 1 0 1 1 : 0.00000
1 1 0 0 1 1 0 0 : 0.00028
1 1 0 0 1 1 0 1 : 0.00253
1 1 0 0 1 1 1 0 : 0.01379
1 1 0 0 1 1 1 1 : 0.12407
1 1 0 1 0 0 0 0 : 0.00000
1 1 0 1 0 0 0 1 : 0.00000
1 1 0 1 0 0 1 0 : 0.00000
1 1 0 1 0 0 1 1 : 0.00000
1 1 0 1 0 1 0 0 : 0.00002
1 1 0 1 0 1 0 1 : 0.00005
1 1 0 1 0 1 1 0 : 0.00103
1 1 0 1 0 1 1 1 : 0.00240
1 1 0 1 1 0 0 0 : 0.00000
1 1 0 1 1 0 0 1 : 0.00000
1 1 0 1 1 0 1 0 : 0.00000
1 1 0 1 1 0 1 1 : 0.00000
1 1 0 1 1 1 0 0 : 0.00000
1 1 0 1 1 1 0 1 : 0.00003
1 1 0 1 1 1 1 0 : 0.00014
1 1 0 1 1 1 1 1 : 0.00125
1 1 1 0 0 0 0 0 : 0.00000
1 1 1 0 0 0 0 1 : 0.00000
1 1 1 0 0 0 1 0 : 0.00000
1 1 1 0 0 0 1 1 : 0.00000
1 1 1 0 0 1 0 0 : 0.00108
1 1 1 0 0 1 0 1 : 0.00251
1 1 1 0 0 1 1 0 : 0.05280
1 1 1 0 0 1 1 1 : 0.12320
1 1 1 0 1 0 0 0 : 0.00000
1 1 1 0 1 0 0 1 : 0.00000
1 1 1 0 1 0 1 0 : 0.00000
1 1 1 0 1 0 1 1 : 0.00000
1 1 1 0 1 1 0 0 : 0.00051
1 1 1 0 1 1 0 1 : 0.00460
1 1 1 0 1 1 1 0 : 0.02506
1 1 1 0 1 1 1 1 : 0.22557
1 1 1 1 0 0 0 0 : 0.00000
1 1 1 1 0 0 0 1 : 0.00000
1 1 1 1 0 0 1 0 : 0.00000
1 1 1 1 0 0 1 1 : 0.00000
1 1 1 1 0 1 0 0 : 0.00012
1 1 1 1 0 1 0 1 : 0.00028
1 1 1 1 0 1 1 0 : 0.00587
1 1 1 1 0 1 1 1 : 0.01369
1 1 1 1 1 0 0 0 : 0.00000
1 1 1 1 1 0 0 1 : 0.00000
1 1 1 1 1 0 1 0 : 0.00000
1 1 1 1 1 0 1 1 : 0.00000
1 1 1 1 1 1 0 0 : 0.00006
1 1 1 1 1 1 0 1 : 0.00051
1 1 1 1 1 1 1 0 : 0.00278
1 1 1 1 1 1 1 1 : 0.02506

? Error: not a valid query.
